-6049206 30652041 11764670 95241080
25292500 172605678 1683609 76728401
73379619 8819346 46332366 50401846
55391030 88656692 31216527 91953195
-8594061 63454049 49376452 92976123
25606471 53308411 18250599 79755698
-27270150 43866118 49245029 92195638
52408143 33347624 41732315 71014504
10522391 31473035 16228714 75026227
106108905 38049431 39850594 83429739
37253259 64799767 24217450 73633533
89965217 46794261 29777789 86103935
29837202 23807024 40495443 88348889
15847578 62144564 39331629 77269701
38878125 29837142 41552114 71878302
199268 70533500 60830376 98991074
51235603 30001419 26965774 56076756
42024303 67099503 65346684 58248121
43049232 24646597 40702135 81075851
52594079 34063387 49978845 50878565
72550095 28030274 20160252 59542244
-28084772 35247400 48128848 85507846
-12127122 31253021 27253564 86431068
-12717276 27848227 48100644 62769118
38694144 41997889 18587824 55020213
35190406 71071058 27069389 79115535
-30839204 44170514 -64193500 80129833
14732668 22188760 34499319 51935544
34176708 52135816 36902998 51360423
28791150 49717369 25716434 65514355
35278262 43231566 20219357 58038263
-18617628 36720899 31091315 94551654
-994770 29120602 89722962 87664764
43177153 110174300 47617547 89684023
28268301 41684188 15703057 68017398
7684899 55959592 44245826 74333129
96327598 32360834 36028827 71781619
-11756193 29816000 39569438 72307250
-25158357 38288799 45773025 87978422
4880307 33326102 60203539 56475463
8316892 59228235 22246067 98969646
-17171006 33400389 25071148 95804616
-26245155 41614702 40308219 97856182
26775201 65140028 55728213 61919162
2389463 13240436 35315089 72411233
61248768 78960557 48952039 70379381
-20268979 24201994 28811352 90612055
62234321 168325226 -1697156 95541115
-10053055 34457422 23895791 90918944
27050719 39320905 16332188 66242314
20998074 35890225 29162708 56033740
3576467 34819320 36483891 65063482
18617607 50306924 16366938 85626662
-4523357 45833037 48962246 71698405
-10679969 30154340 86553086 95213539
-6545430 37683253 32622178 81911217
40763672 44994131 -9773655 84308551
-16885313 51548491 48215418 90522834
74751949 17466298 16891505 72568089
39005884 28842079 60319333 83097423
40443692 55448431 68054158 50885062
25023612 29302208 18560980 56021991
36950961 67917301 86712288 85504796
82434032 41898306 48894486 54559865
31260111 -24964536 24978584 92082121
20852311 68097508 36532082 81017401
-20098831 36122536 37604422 88921447
15371906 -1316353 62540943 69363500
13794200 149553361 -12230964 98995479
21602302 60863097 48946457 60618916
34159812 43341899 119516995 96525264
29984921 47488368 67868926 53198587
7623898 29495520 67655930 57353675
23318433 34142771 92906015 71556850
15599377 47976633 48453201 54228319
34719240 9746557 -17758097 96648500
13185111 45951038 39246788 63823425
-10009741 29694640 47900164 62108537
34776603 30098708 -23964413 89590970
1253479 61145301 40081991 90114203
25808401 79609098 29300045 94804973
24621859 30107191 116856578 90168063
42216723 78480263 12499123 94068763
-18627639 48183434 49112934 88002483
31154916 45308310 31108208 53349783
57212228 67154424 66776908 67787448
40963227 80194102 47922249 61613173
-6626071 42146826 62863388 79462575
-17753691 29830281 39025515 78863365
54580115 44242190 -5724882 83669169
2639275 33970870 32052759 69583111
17530878 45451403 18594720 79630720
1019055 20655361 43598004 58084326
38920933 30986468 46408420 88941439
55033820 68090789 47676491 54570129
12941704 41468942 40681307 58150426
35884235 81270222 66844828 80056967
-12054248 -2085304 44505865 92990642
18094825 48514896 72190667 70436856
69049589 17670880 1404263 82148491
35301628 31213699 11057048 55159463
26120248 15846717 19897496 61492008
5590519 50604447 27471388 87847473
13717689 62228737 40743658 78071651
82784024 67862709 43023290 86745411
74588520 39719375 38589916 54839957
15706397 29584862 16376487 67806307
28392453 30567704 22243320 50236272
22535044 44579029 95698795 85569474
29921433 66677631 41547602 65512932
28576909 28285318 48825334 57196689
41432340 21705488 -6558685 66777048
33856356 41971916 109605900 85547701
38148303 71194754 63193297 64065908
50036926 15168827 92333070 56897069
13448268 46456496 53391271 54225627
69379563 63285149 56315853 65624401
18411189 31737423 -4331503 87962059
3547760 45575704 39666625 72665839
-3914553 25432070 57137435 56498638
-9819536 3674339 37559368 91942035
10819961 43078841 62420755 62505762
95334084 27600544 8323100 93733660
10497000 54488352 71649687 83467158
11907392 38243305 100891215 95053699
-27484926 16611127 43789969 90440029
70777430 28052764 90386458 65860548
-4956699 30601147 28784457 77077798
94223913 36314163 48718048 60942149
10565420 44931559 48871355 55799094
17984488 33381956 75621200 58844978
-5475017 34936662 48191743 62524205
46702924 5618714 8134387 65123710
35360352 39991203 12495297 62439834
28977082 25020737 42007098 91945514
25387353 42965618 31330477 56552104
-4243047 62355183 47061341 89841176
31625961 36215535 92987441 65403144
2402405 46164754 20403588 93663291
-1591766 33484806 21080942 84300155
15831686 56384799 43342433 67515080
40933726 32926520 59223245 57970724
-33448081 42824825 47864543 98712720
8703814 29396568 35822874 55174146
66120984 53062649 41920636 56385032
38386034 72322673 21772601 82468300
40063078 40584121 83161284 51508638
30050557 70672074 33386620 77539287
981078 31835583 40531862 60627024
42254207 28360280 27464522 61919433
256719117 28148396 42928849 68002690
-46161408 28231798 46852101 97845435
30165913 89025564 43902746 85261530
-32632276 137997961 22416668 80317617
31643180 6798893 -7952054 92866166
21620040 -3169607 40161176 64744654
4164192 12006536 49865650 57319888
-6935892 33820701 30285904 80774997
14768703 52992685 30063291 78465014
13484924 70849816 67001842 92193006
29684234 83565538 46510287 77675276
69647817 27727477 79920674 53939795
10578193 28434904 -3991940 92152940
14209795 29936374 35221502 50809335
-252396 24181187 38971846 60455542
22279376 71524752 74760624 91832251
24028858 88462585 46053133 88684852
2780409 40254025 31751687 76026774
16129301 45415728 35598105 63992591
35696090 29652686 54084694 62308390
-19481316 46348745 38131160 98003895
1828968 47360132 18264254 97571197
17735390 29120928 -8472739 90162680
-14237488 33351553 57213856 72629106
39791922 28807538 -34920061 94239937
131907378 23197734 48741195 92142334
28974205 37856088 15732048 63454112
104824948 29672784 43267074 70352646
6306926 35359242 41670775 57685808
38901683 16539213 4176584 63738787
31766122 28575336 55098231 87701420
12046333 15003375 36344659 59961817
31418098 -20669409 25086837 87520667
34000286 32568398 117010697 83404973
61489805 5242619 28400400 60020702
7604472 37612187 27357295 72954678
43119879 38651468 14639348 51196512
40799297 84772856 16478036 97799925
-10913305 34604030 48136050 67685554
-13267359 27693929 39975414 71290246
28087016 69027560 11817886 99426925
19808489 37475470 18612339 69359041
62542736 52308971 19377535 74596243
39351569 69052498 61645449 59172547
43761897 -18998793 23614907 74978283
21786136 2590453 48428026 50551613
32561279 34035602 46789738 73194945
-92471852 36471254 -4884490 69499296
-33156887 40927603 55273264 97184105
19389806 -7545788 58822797 67856892
38706315 13561143 46397399 64008196
17300726 34892370 33265913 54630036
-5981506 42519729 38785237 80020299
15005064 44279380 47865273 51713331
124599605 32028144 37800645 97949286
7001371 46546009 36833789 73015630
71021314 -9986863 22646930 90535374
-4196512 29267807 50123024 53645583
-25743910 24064177 49658820 75377459
90624681 64910724 66716756 98896016
-19936706 34369386 46702673 77908286
-1689287 32591499 47541093 57043951
6092695 28551906 40371882 52391821
73908466 -19616025 42693426 83005007
97667012 -3679465 39782014 93738657
18696203 51494490 36654739 66448027
34329113 28371497 48294244 53954082
4297920 59177845 46285920 78898369
29553983 18455665 22093396 53253132
-30472419 46702576 53658422 98659845
36558449 -41139061 47942024 79994999
-19779288 21065427 30349230 91720831
42442178 67118976 38231754 56749566
18981869 58616402 41522015 68416780
11499873 65349229 40278068 83875640
-4405221 41732787 39847863 76594406
84150950 30601027 42180375 51693577
-18821792 43076029 47329111 84873728
-7913381 28898403 40189007 66927076
23540028 52113491 46478205 52399829
113137784 11943757 56586370 87476430
3736246 33806434 14246675 86127838
26045240 89570796 43987007 89843039
34711455 505175 71804714 57466148
-13876162 21633536 49994872 65603993
36370599 34985158 -23046981 91965808
22744872 12319207 24470849 63821634
28331207 56297568 7085563 91185133
-29937408 21678947 61113862 90250478
20886105 30910402 96437803 74288474
-333182 54316164 69724740 92200238
8976879 38151054 9381823 90096668
44110700 91017652 18469798 98741430
-761246 28912162 60549452 58049086
85640421 8477511 46754046 62582792
131321227 28658852 54130943 90754861
47897347 46031078 8307358 64743085
49512335 27834476 21785789 84177921
61463726 41104670 112692273 91904593
-9782123 31308864 45709038 65686712
18478138 48217918 55035915 52602061
-10194341 42136368 44853196 77781803
28286076 108383504 166360783 81622795
13105136 39028605 66935224 60684931
25828377 94762346 40702302 98536138
-12651269 52994567 48530012 87420131
30791194 24116753 47222307 73083794
21709485 58537099 50009999 57121874
26311072 40331105 83331808 65177985
3024470 64139965 46139465 85280301
-21255648 33989740 48871416 76678257
36819342 18825736 34561739 74960283
64341236 97809067 49643173 91629128
38971601 67974820 21867798 77439732
-14308501 46518791 32318384 98813199
103586251 23286352 28521984 83951800
115047106 27884602 55204646 74780349
12530630 10458453 44496773 55870344
26539572 28862434 22327286 50300432
119535779 76148342 -38883055 87185703
93989702 31789751 49314045 55587460
-35132399 31747105 41101168 96082638
33921853 32762715 15751064 53394059
-17173915 41750147 63396827 90147634
118335879 28669655 27139302 98988311
19209258 27530593 23634695 54990906
24443036 50807810 58862410 53053549
23558640 27736707 48227235 93746135
62834021 49264917 1903601 89317307
1274555 -75904576 -8813907 97911948
24986064 66950329 61719337 71509784
6036232 43298551 37832990 69733631
15000421 4518188 23263927 80573649
15014614 -25913260 48050875 86203990
-31175166 31925840 46439327 86966164
18396371 35718886 34923227 52703558
-22664742 52173449 55918961 98583287
43135242 53623804 6256391 74536444
-12291499 56673082 45709818 93559299
2421946 28100262 36183291 59799283
44193399 85995451 54583581 64211844
36881751 47815799 30299998 50938351
18246014 45707734 26434255 71331946
51913085 67755576 15740534 83050233
43809094 52344263 94594920 70956320
-19872513 24527390 46016987 72684344
74322152 18315947 10436447 77743642
-5518531 33947458 43776965 65993353
-4806563 10563083 41413433 76186357
20118009 57657078 48084238 59759203
-7253677 48764509 52360334 76204660
41216678 98173396 39000467 88260538
27253820 82731895 43588598 82193735
92531056 3309458 29974859 91420656
1966055 51762119 27765873 92334471
36677332 31758640 -7612011 72997587
-1818468 54935562 44753371 82304988
9504764 33986776 59510434 51818630
-23583020 42940367 37826229 99001428
92102540 36845410 46050103 62020100
19440478 37485988 82130288 68002033
-6320450 33213456 16301593 93536708
43096141 -14429187 79582589 71793959
21550291 67965521 25483455 91236047
42371898 17703866 -3770613 67051135
-18972344 30283229 59977037 77058728
15233410 15265126 67002453 57382000
-12444496 28065630 60677738 69014199
3875070 28495790 32110325 62814693
72689365 55697851 43934808 63574376
-17840796 55421282 45237190 98329282
-9003849 2413765 46176562 83769699
-26250835 11545438 48702007 89359678
99576277 33714058 49024382 63387993
40008281 19604220 37148609 60758512
-3648421 31924944 38110646 67767244
44471261 -42747861 41097332 80535744
9349018 29732815 36666763 54021307
25764327 -10963545 23503216 85052182
24520997 29879306 24370603 51291986
25498854 80667081 32141317 93331176
-149022 32420789 41369006 61505073
44210523 78334305 8131845 96296278
-2119977 48188626 32980636 87632518
-4343746 57401471 44266365 87783113
80971942 31684051 30415601 61362363
-23173578 48813945 47758806 94533047
-11086116 30057387 50159535 61288509
11104504 62430347 24275370 97354737
11432998 28814353 37342003 50343708
25674630 33368733 17213772 60784617
10050346 7709381 58730119 61848505
25054421 44348080 -460338 90058296
-21339100 43216099 50154022 84706009
41927695 21807769 40603421 97833016
80624589 30751690 72918292 60938449
40498733 31484925 104950495 63762865
31201071 28592223 12997810 54697606
-7595712 34672563 55193997 65288424
79212958 37061712 40933361 54463379
18050332 64473544 36795635 79932064
3720235 9891144 39804984 69939859
-6926235 27549582 33958964 70821168
52917880 45933746 100476042 75971666
-1182240 37168423 18387373 90267683
-21244479 27929047 46927146 72550723
34510355 75177607 38955123 72016393
33275615 37646108 12461599 62213196
35761682 45671582 -8481732 88695932
-2265578 34026671 55474896 59593394
62431376 65489346 45524298 61518645
5091325 44958671 35213776 74957854
25341800 -6251673 37555332 66711056
44280122 38286204 47068597 65111898
-912231 58803096 32160204 97859523
17434342 35173843 36813514 51230280
28877342 31050121 52899381 90841399
-7634949 15986291 37549175 77455659
8378272 30474652 89728573 79651178
44192367 52371306 17274926 61208301
35222336 84450716 33954018 85578660
114047352 32382893 42193356 83358938
71857379 42129701 25491867 67617203
36948385 99078693 62465459 92422150
19286915 -20678506 44431321 80316647
-11266276 4657205 36263904 93701444
-21990907 28224998 24801784 95718596
-8111009 38967381 56129628 71034145
103028729 28731363 53493216 61897445
94206323 50072946 45600571 77800861
12767417 43020783 33537585 67020180
70717887 69230007 40823220 78246650
39719133 73606604 41811281 62380580
37873117 144307814 -24373775 73960618
89293162 3538174 59802530 75253263
4424819 -2684665 49900202 71716087
-5362155 47869154 40086548 83449162
31084433 45442058 19886652 64775399
28161852 -9343199 47481614 57056185
93264134 43362236 48609493 67139028
38557800 47954705 5048425 74652843
26080274 31286105 15121885 60388308
38741526 31048893 12143215 50468901
98304589 41571952 27456138 91542388
42463514 53016369 72116978 50495960
10356863 -17280346 70067075 97869030
105785879 39515423 44870188 79553086
-17680118 40795016 39419188 89360344
30692151 52332389 78907047 68373491
62085390 65451421 23463751 83195044
-13548272 37078178 44197608 76733105
38105213 39513917 -8150122 79863086
91205133 52658031 63974196 84481477
13482213 39640005 -589782 97052033
82797682 38010719 65543536 62995847
388697 39035389 15643603 93307483
2840595 47371798 19832577 95003430
37822164 28341501 47283475 77360721
17592412 51965742 44167450 60510173
31516374 27713910 46133276 95796143
56136569 -190161 7590963 80909767
30465018 60573470 11871016 88541760
34020463 -52499096 47347828 94487021
18960058 50963865 41516184 60791894
42342968 10016716 43391797 88422801
99506165 30615309 56046753 62812239
14397332 -7779737 37291233 79447515
-5882523 40811714 47291433 69707222
82213160 29240262 -2910659 93486406
3947391 9935707 32654689 76818448
39628017 75036647 6930334 98782598
6010014 10599305 25613924 81132930
-22756833 33966128 37453627 89573732
27531550 35865274 -6303198 84941353
-16713698 12353904 34918556 92797714
67124556 28530738 48991399 58365718
-21747300 33587988 26506788 99133001
-22919786 31424987 47630391 77018749
-742436 -9892728 37057005 96934365
2085452 49628368 33213445 84633920
-4440004 37044624 49541348 62247541
99261053 24069085 52707575 57595343
59728006 29996418 17176190 51670334
-25472556 37299312 35352834 97723565
91665608 29130019 33856492 66061122
39078041 73237625 53567230 55552934
-15122570 53302731 47157144 91572564
-5515232 36966937 41124313 71662288
14856670 29183494 29282800 55348362
-13548261 13756084 36457532 86690820
2465362 29219403 20395924 76662391
64275623 50884015 39869828 54411852
25243675 63964984 36993928 72031642
16986043 30382464 27585694 56115017
17163581 48489977 28704267 72926410
35746614 81136400 47052214 68641986
3288782 29609776 3214689 93411054
84889931 29275748 22992587 70295376
94206232 -12949858 47818941 91511032
35031380 38512812 118327903 89635777
9729747 28057674 33186963 55445369
-9759166 42686691 60717406 80989844
-3582716 28552989 50028648 52411624
-2203332 31521792 62697290 64248578
118827544 37244202 55794542 88510363
31203637 44554738 3658923 79996681
40217878 87770603 205521402 75677882
31250809 56148549 87263939 79987856
8411915 50156153 13813865 98234684
27601099 32601042 19677158 55627115
10084981 44416492 8485797 96149979
34753045 -2634286 20698777 70538686
-19359506 35569097 50039775 75193161
32723485 95290068 58932896 89325643
77340590 49583325 8460095 97585866
13725158 85395037 48157493 93816959
74039050 74640278 54667509 79990782
-44849436 24759681 58026609 98994470
-487984 37433972 -105515361 61856797
2969563 50405954 43630879 74109847
36056798 39933571 45715415 57119339
27112194 35906124 111622398 88242526
38013031 21675469 1578936 62088749
56869300 48292481 49142899 95975578
8881061 44399069 57000016 60344150
198015 33633047 28055382 75683939
-30982730 36659772 61831884 97300606
86178913 39644363 41618735 63326943
28412569 85834239 43844908 83881136
38980463 76318146 11913364 95728857
52092218 -14475428 45537364 53204217
25882405 74889211 74367729 91200986
16809779 40351761 101471505 92839930
38057116 35863342 846343 67264450
-28790060 42320103 45145140 96269324
10982151 58314983 42213409 75423983
12487483 59042189 58439266 72820221
11795726 -7464095 26840209 92184363
84565167 31548494 22959335 72276324
41331242 11668248 42243573 58562308
359100 38802149 40353259 68394070
14054994 36791003 70844220 61406369
35218255 11509955 14392892 62235082
16145221 64824751 75305514 91811477
-25149323 28040455 50038146 73456121
73367721 57637331 13238649 96888428
103246000 39756412 32812747 89312109
-22356504 31012160 64133088 85327946
37062145 -7941452 42968082 51267685
5476987 8319729 15210435 94349322
36518932 9222787 -18231931 95846415
37156373 32849606 43762954 68523294
-9131238 32117921 44220638 67333147
36578632 72605495 95172203 99025246
-20140870 8288307 43025822 92183046
56283577 39537515 39904827 55135482
10325233 28053538 25083651 62948921
60616437 45171479 30990967 53918943
-21831342 42664232 49811556 84988284
55467982 31000816 42794270 69859401
2771523 42987992 32737676 77783052
20616576 41136419 35985598 54838576
-20620443 25149265 38224065 80603350
29347070 83170434 40093548 84034266
97277400 33175823 10758459 98816739
42888801 72179217 48137835 51457062
-19590254 29202272 53886361 70505120
4324219 42855735 63210343 69568269
-8976446 33397337 35726104 76951939
-33737215 35296239 45123688 94214027
41163223 28925155 28937617 90830725
3986297 35383525 39798259 61903247
7556624 39807219 26320868 76234528
39632689 32688256 -19704649 83064841
-17749223 36212586 45860094 78405993
90327174 33020817 48489662 53980528
-3773787 35121746 34911084 74288948
-16287979 21906971 71559886 86819449
6658254 32632555 40977484 55301124
30714525 39367215 25405192 53551765
-2219141 16677732 30750805 78146833
6572024 32926949 9192803 87466433
43494341 48588472 4709437 70689409
24710308 63949125 68646388 75711383
29660329 54614001 25794385 69463672
66510950 58828110 57624607 59607552
33203626 98365800 38621848 96844583
30596369 31803351 16411635 55099961
33360416 56869550 61404879 52740130
-4539239 52658990 28013599 99489000
-26231349 31179115 40319671 87395060
30799069 70400986 26295607 83610643
11683583 47271561 34286434 71605801
77076193 48386991 44971339 59613874
22838822 23395834 19635187 57486403
2648983 33226936 47449835 53432424
-10377275 29168727 48630865 61219443
30718247 46233609 22978173 62841517
13277181 59768102 45308121 71487148
40565660 68938824 20082284 78595415
65504601 30189894 -7945386 82762112
40524106 84966659 49365037 65381827
27360664 16292375 27824003 51879175
-27958728 28675849 48097215 78841619
-14672096 27985662 48059782 64902361
-2671945 63623313 47417375 89182519
88290983 3136199 46401693 70926997
-26041811 36204534 47359819 85191031
11520437 60111575 34665843 84229553
-22279016 48199526 42888922 97893969
40380299 37153138 48728223 88354855
1815021 16723899 15330383 89486890
12336452 35260092 31295447 61932667
134085814 28237202 49210200 92235011
483265 27692981 42031701 55482284
3234703 31595834 46131535 52533931
-18709531 4061461 47163560 90840954
13999651 37073150 38213973 55164126
-3372564 18596961 49515561 58616378
28731565 38615738 47416859 80342602
16948313 1937117 50148330 54322444
37110810 47893524 17377058 63709944
88821003 6062250 30626378 84306414
-38487510 33001650 43380212 98413486
-14794134 40233663 34354812 90977368
8005328 13395764 63472736 62949708
-3631892 36634576 42783930 67787019
14622262 70220733 65149773 88574669
40499125 30802662 28760394 81454496
-23005255 16400458 65941791 93425089
8388342 39450947 44907000 56459862
24988817 41547579 14414860 72448636
-37360482 29113036 60355390 94655027
82498258 32969826 43868361 50721709
106750375 20220681 56790529 73016161
27704423 51128920 74605745 65856391
59755259 31816044 95733920 63949065
-45683377 28222069 49376166 94833743
80475074 61862284 34946902 86512425
35936585 42374638 12046069 64696286
1709115 30383669 45879900 53098911
6776133 29711828 -57 93240031
-7686388 49097892 56205053 80815478
-15746744 28281720 37729647 76603486
-11665136 37869987 39742699 80096925
-13672472 57249892 45806281 95420363
27537925 39977397 23815567 58928240
34489564 48524585 5246878 79092973
-22167308 138231129 6929519 50664017
38046373 29939889 43504559 95091658
36630604 65916567 36173997 63416327
86539964 28518505 71562303 63264731
38487445 37716767 2639277 66894345
11481064 30532610 84610732 71488499
33505485 67138534 46569564 57367964
60735101 22483947 18852275 51573527
-21508439 29676462 23547869 97941476
31203437 32499027 -13736090 85336067
12670105 50946524 35572241 73008534
-15642086 29599691 46447714 69098366
131042204 33198493 49720563 93642432
14540856 28346497 11563124 72546923
37703873 39026878 -17727586 89355021
-7845455 32832784 42341612 68640917
93384785 30764472 53347375 54140503
83281272 31286532 27063075 66627135
37845967 39424682 -2917995 74800969
51335203 61914074 93469967 83363411
27632300 34486273 16653687 60505088
16100073 58497168 47893598 64807773
16019387 25100597 83921355 63679481
38339867 32009562 12354955 51619431
41739108 28924681 2746300 54743728
-31666915 30015181 48397913 83588696
-25628678 28993153 50011276 74914929
-12182543 -908179 49985363 86461627
17175036 40550963 37197718 56482490
2707791 37009278 41416314 63189827
90507466 47886715 47218630 70297573
8195536 51707731 31022888 82794012
17853943 43585109 43416046 52619379
-24354158 43516682 42467125 95708004
-6922735 32465289 57393671 64608070
39521424 30816995 57055160 79168854
129732419 34064473 47593837 95325130
-2801910 33688377 85909455 90225862
-15688069 42321301 48191939 80121993
11926861 46867955 10813636 94431941
-1601943 -18714463 48604865 95067715
31543855 1837622 12751542 77223177
62781663 14672115 -13530760 93814337
20191195 61799467 44770328 67142270
971209 33947230 39321848 63958450
14775399 48011980 43552174 59988689
34313263 29323436 106303605 69139901
25780031 -6735603 31360925 72951004
65406498 14719430 8782481 74078650
40228432 28079133 61843519 90195061
-43956865 28423626 57654712 97861399
27758765 53974330 16817762 79702367
39098677 -73049043 -56124335 73030382
27248382 88821953 33530589 98347675
74303924 39286933 96159834 86394549
-12009213 32384430 45091335 69606565
32667496 72341890 25286095 84692582
85335357 45386310 44099779 65744012
20556839 32566831 14095029 68219805
38624681 30602721 48728167 83477819
-1967393 31122889 54793035 55710056
2764924 30967988 67016709 63045908
24643974 64415171 45232430 64843148
31573898 31875693 92387311 60515224
-13868035 28026399 53495741 63216949
-9703053 50487793 61049259 89066222
40965991 27902961 39614345 69202746
60289260 70022420 42580476 66853179
30841442 79143792 40148699 78457934
29544402 31374714 54921064 59729878
-13797638 39900181 41398217 82604136
15027077 88899185 44990278 99186097
95537037 29152695 28881559 74930267
-31212732 17029140 41611819 95928156
7056357 78207222 46208823 95246299
86639806 -5634326 63353129 85323013
3560350 36255139 38080297 64918801
-8686139 22775378 47515057 61752031
35484350 81239085 17048076 99010925
11079471 74836957 50145991 83915798
113954307 11672772 42205967 92249800
53141175 74498571 48281198 58480767
27811116 72236030 23215642 91513882
22442687 46717406 1183705 93395642
18791922 -1584732 41571938 64577261
22356540 6529874 44015982 50453788
-26282446 32425786 47368847 81643650
20748385 33079166 7221346 75413721
43558800 66219057 35887135 57077631
62321492 34695897 -3109795 79249282
-13996515 28458059 31039527 81719511
27070623 9939079 -10788667 97135320
43909515 72804397 26825568 72374046
70663157 17565345 34533187 50738560
31597589 29816647 48607253 81740992
-2208646 28891495 48761861 52642563
1707193 56165944 47435284 77327912
-20686022 27855897 61558518 77926662
1658215 41535642 87198425 94901995
38630476 87712895 32541157 86845539
113661267 31015737 48453036 75346009
11851768 34903619 21990005 71366108
-13264630 57266923 49255224 91580887
14799342 5509868 23890529 79156537
16290023 11013120 15128680 80924955
4281791 70446977 63551775 97543100
23229308 14681079 25575579 59870280
73724504 55792403 69786221 75946988
42914520 19043704 32645280 52137155
-36555130 16827883 47997087 95086453
36813490 30522806 50123591 67322168
20966657 38000411 7290352 80047722
16619805 31896099 29175449 56405519
-26924324 30896240 38974342 89150492
33848568 59254136 39197249 56512806
39586946 33999607 -15732 64733469
9959491 24223698 98284463 84979328
-1774424 32382886 49952827 54508747
14242780 17118940 86174271 75690778
47456925 -43933493 43664913 79899417
51472086 66056470 38051652 58598917
13573860 61499413 18942578 99287237
23411432 28487697 -16946907 92327466
5724055 44013883 27688592 80905537
38995189 30920410 44491552 60327173
12755453 14645093 101117040 94594541
-5803229 42473314 40196326 78384481
8674715 29504624 -3813683 94947885
85518058 17486127 49892237 50313834
31598526 85808459 60459020 82495071
94948347 31444985 47997985 57517319
5698974 67885615 34514344 97976679
1080426 33687978 44161631 58750557
21637981 40176848 -7943304 96786447
59345791 12529909 23505607 55484284
-41661354 27904247 43386393 96483503
74607962 44149910 87826954 83228704
22112725 34089920 10506475 71775018
-43004297 28084564 50093994 91299513
157967949 43563731 -21154818 58330787
30173268 69410582 42003550 67538295
33631356 35123749 96342648 65661219
-16155678 57265511 47638742 96086760
-21938762 37598241 40244518 89596813
100312940 25317179 18310505 88859145
-25505419 38319671 41812615 92316816
4763181 49396048 27288865 87648262
41641681 43896782 -4847966 77407443
27096116 157631632 -10834044 92496352
-2935139 23060097 35764127 67467092
26403805 43993050 19991494 67902145
-18090131 30735375 47672676 71457393
29077683 40350717 74247285 53346838
-27203239 36659866 47517772 86649872
-2847492 29389458 46632287 55909271
10728836 17968385 11621844 83037136
30113116 68916490 34049649 75058115
83885624 11611992 36856966 67591103
33595930 -6053903 15154907 80659278
-7493135 36282461 39957397 74122506
26548019 29508989 8791510 64473805
37375452 48981177 13109366 68800631
25106214 73290184 61261740 77271835
9273421 -3536469 40659181 76960291
-2145082 27928227 52487810 50387313
29504275 353158 5343355 88155523
-265422 25025009 11657723 86939161
30771974 32030295 35730097 63430202
21078287 49748799 43164192 55810694
97083871 64667538 43423504 97449938
42083768 73079217 35358516 65941241
-9256355 17723387 68079819 80491000
-23318210 28828159 48146804 74303999
39116146 61041775 36193742 56036189
10101425 53806750 38305905 75703765
4771254 39259397 47706962 57085457
-27940133 30582997 55998705 82347990
24995626 31994325 78312849 53137706
-4037074 45011867 40590930 78762270
38228345 78777411 61831396 70206604
19586857 29604300 47782303 53342350
13618416 64720356 58373461 77301608
49104689 110950600 62239615 98938753
53799992 -15639043 24774358 76838664
-27393267 27972622 48776601 76893570
35137551 70506441 45801026 59872515
26223523 57561381 44726514 56915601
41071845 32533940 -29486303 91252672
3149320 -5070315 40149477 85127745
-127899711 28682265 25510415 94299180
23029316 -2009882 49436986 52899797
-522372 40470590 44245417 67051990
-37272313 27569301 60785434 93453556
11271194 63144261 27027981 95149593
44495858 71919862 23588974 74139881
119410 22511749 49603549 51121583
-39732893 28770210 176868214 63461882
15679874 50289871 47675188 57239115
157399346 34995408 -28018941 72109233
12319642 55442413 47806636 65620428
62102023 59705641 68442769 66894270
35841108 107347761 47259374 94552313
34427359 77937880 53087168 64423828
20373614 38632173 75083921 61168756
-911080 34311697 43687146 61840014
21678610 37424752 108958192 92530822
8616549 38762198 82361996 80333946
60311244 13640597 15951308 62893224
5521729 46587065 46815284 64554368
17628397 47980216 42447407 58208675
32855990 54498937 -3614710 95561920
6087892 32955644 31546070 65625939
12907937 28472363 -13202239 99071019
72126162 37252555 7082144 81418545
30499212 3128029 6759902 82969062
19583200 28660408 19953142 59428701
30361533 86753023 41597406 85098581
121281702 29030634 46877064 82557595
-16896215 31086149 61572990 77381537
-10697598 17774389 37912388 78367671
-39645618 25114536 54652689 90061881
-36350834 27573631 47654857 86573865
21169795 27905021 52602953 78553234
16276889 28515762 46812138 98851462
30987553 30150983 10402809 59064984
41218554 -19969153 43088984 59017800
-3131460 32023542 53895086 56876483
15546849 57708051 48190950 64274600
59656868 51235443 26019707 63994581
-25906324 33187253 59735535 86655707
48868114 20851236 -6764010 66954917
33543380 28788114 -3100951 68650231
29104070 72064359 57018789 67805336
8018143 12602269 38924898 63810939
28278012 57048296 39094514 59980031
44521425 31071249 21722276 80536854
76737883 52017630 36402181 71475388
-15168096 28406231 45588564 68290045
-33554671 17952426 41125565 97833132
-780630 20664287 47241406 56231112
12899 45022232 44993126 70320527
13583155 50727807 9729547 97719748
-17550335 22429730 57787731 73786465
51237353 28069794 139825743 95776926
-36327428 15543094 48249185 95891536
7455278 40793932 40149459 63493462
3211901 11296705 30177370 78670242
12370069 23416585 26750694 60819289
65206831 -7094366 69600685 71597668
11461572 53719690 25728617 86833758
35755230 29400900 54779172 81766813
34852583 24354559 53267136 79702009
48190570 100343050 52864593 78042138
15136507 43917756 49284847 49800665
36227449 40169870 48151066 87286016
3213715 44653785 32294832 79449676
14770455 170428419 26211117 56917770
57614237 8182179 26999429 54606514
75970176 38917417 43033147 50976552
17953303 22945202 49738895 61040144
29710531 48496955 38264913 50826029
36119327 27674096 -37475801 99334835
17716961 -7720844 20606006 92754051
-25671571 49362685 47464032 97874515
52761589 50819518 27329297 55374008
93466969 24668285 45987848 54984741
-2609903 18640253 70945242 75793395
-13686343 49848139 43340809 90497956
28612284 76837509 41959740 76569926
102869478 45240067 41657649 85574000
-9384214 36533235 36563421 79658291
87944269 55190207 30918363 91338191
38633108 -27918078 85064605 95227637
5262349 53851879 49627899 69265993
100927451 36539467 49302776 67286130
-21111835 28445971 53691999 71076024
67324957 71164509 70875612 86008909
-16960275 14223284 44273954 81819405
48526094 47764175 -18189155 93601419
-39526975 28882797 43996754 94718063
24133963 18930013 47221084 59722687
-22350057 27789800 47210840 73233370
22802411 61118381 29165350 79455701
42944637 90802092 49502030 68659870
30030154 67702521 41203322 66773337
14841318 55096559 19886627 90673466
39072917 65740866 3128029 93844201
60395744 14068767 113291280 89314011
13629614 62190804 23036540 95828991
15636270 33450444 67954885 53595287
4679180 36140891 12704006 89062197
6952120 43056479 10747606 95661520
-21986570 30739902 46678818 76351939
35265772 36402293 -988221 72429051
39473941 33868542 32291864 54812338
-16181918 51504946 59264882 94777909
42702146 -4724310 34011696 51366854
16066675 55332930 46928475 62642231
42927664 52740618 28573026 51544453
15272677 35125814 110672 90046736
2144611 32093909 11026460 89227128
11941021 55519674 48575148 65307773
88397764 41326702 52691229 59059525
33169976 28123136 120167712 82947017
5225161 63943851 32545362 96477861
15517138 36453011 83911415 72673406
1063962 27836094 14316286 82760345
8195712 53428904 48134192 67403268
19416995 1656947 47388836 54893495
-10860170 35675605 43509881 73330153
-129486638 57902296 41497385 71603722
6712018 34081048 45632303 52041002
93897006 33593634 37031974 69580637
36174801 32622691 45445910 75347596
52126612 52203761 20196830 63255515
25727625 10042425 20683537 66902784
114583315 33897757 33458786 94144286
6996981 53835959 23648132 93495103
38154249 33827583 43147539 85369598
20850813 53448226 77073372 77496908
16189288 32159051 2801699 83472526
40284984 45370881 -4844256 80234428
-2221908 55538812 36209619 91855498
84828207 31226155 25789711 69386735
9130695 51757099 46663706 66266983
16528778 33778462 22157499 65396660
-22382943 36108712 36213954 92581971
9678765 51979305 18762202 93842602
68543723 36839044 18557340 65947553
-157807669 29933862 36682162 81745927
26850914 62162424 48642354 56973478
20447270 -12452424 49872046 65489282
116496028 32879793 49249069 79248772
-19939485 32107080 39617833 82733068
42634805 -55413121 42311491 93823690
5572229 34549632 33182074 66099588
10061629 30727842 19023324 71947468
60614105 18574111 20232431 53981451
35523080 58960311 24847066 68894776
40656474 94363172 46823619 77187471
-17284699 33441161 32255798 88774886
35611021 51809120 36469424 50032934
9342928 32151893 27896700 65216617
-49649341 27695400 49174533 98474487
-34563620 9948814 52949618 98442458
25913630 23145224 49001927 63560429
65845667 65086965 27605449 82449206
9727954 41362675 40816261 61122726
22794599 30151765 54490749 98245311
34854854 47493031 99771212 80235514
-18683528 41504034 43705652 86786169
98102670 58607953 -74070781 92223878
-2745040 49034304 40934189 81149487
42697632 69813639 19088393 78331927
33275521 81610110 69285480 85446259
19791263 28051147 80446936 56532977
42175748 -19149938 19413409 80917028
-128986827 20862076 10406680 98602636
97089422 50599912 41951110 84860246
102498910 29004692 29473879 81151693
37656417 -26938125 41235984 71401898
-12989882 41360981 37722899 86932638
17715527 65534200 25836167 92286780
19933829 -12610074 39620666 76411994
23419450 91340180 47427383 90797744
40974606 35984801 132685201 95521553
18477034 46469911 23371239 74925900
38269370 67947788 81720785 79225394
24653520 32545761 25509105 52687441
48378438 29182732 40443202 76512648
63927634 43171957 104395327 88138745
13574746 24993023 67803635 50113920
21140506 40067291 35617010 53614254
-29620959 40130696 41844171 98211981
6205416 32157595 43635073 52621504
33405541 62623932 64561755 61606268
-10745949 39230976 42766240 77515384
18447026 -16224596 60066361 78721985
44336592 63299079 28988782 60278241
10924721 35411001 20393963 74396607
-1753395 32729543 35305140 69482380
19548184 91038604 48603103 93191612
47055909 37603758 38576612 77643174
7678914 31064453 18229342 75460465
29449907 -27270599 73916141 92614882
123386066 30343440 42043328 90808192
-11142277 43930351 27058556 98318600
-7857625 30748080 57632110 64063933
-23900869 29380585 50064538 73521439
67463574 -22771805 38240817 84168449
42880323 -33781902 46953540 67304215
37772434 29236563 42950369 60033237
30734249 68939563 75383627 81415121
-14682142 15974821 48377323 73686380
28875873 63660613 56391115 59002142
-7008778 27782030 47955164 57139962
26264633 29428246 -12582977 86050855
23145044 -15872806 44233648 71850336
24161978 42385512 89928134 75977917
60998943 74575957 43707441 70989478
-6799340 34662586 37561776 74204483
32424940 46564567 30456894 53987708